0 0 0 0 0 0
0 0 0 0 0 0
0 0 0 0 0 0
0 0 0 0 0 0
0 0 0 0 0 0
0 0 0 0 0 0
0 0 0 0 0 0
0 0 0 0 0 0
0 0 0 0 0 0
0 0 0 0 0 0
0 0 0 0 0 0
0 0 0 0 0 0
0 0 0 0 0 0
0 0 0 0 0 0
0 0 0 0 0 0
0 0 0 0 0 0
0 0 0 0 0 0
0 0 0 0 0 0
0 0 0 0 0 0
0 0 0 0 0 0
0 0 0 0 0 0
0 0 0 0 0 0
0 0 0 0 0 0
0 0 0 0 0 0
0 0 0 0 0 0
0 0 0 0 0 0
0 0 0 0 0 0
0 0 0 0 0 0
0 0 0 0 0 0
0 0 0 0 0 0
0 0 0 0 0 0
0 0 0 0 0 0
0 0 0 0 0 0
0 0 0 0 0 0
0 0 0 0 0 0
0 0 0.0169784 0.00181331 3.80674e-005 0.0419804
0 0 0.0373524 0.00176857 6.86231e-005 0.0606787
0 0 0.0577265 0.00326367 0.000120624 0.0812618
0 0 0.0781005 0.00361839 0.000155582 0.115202
0 0 0.0984746 0.000277622 -0.000125875 0.130337
0 0 0.118849 -0.00107192 -0.000319622 0.154844
0 0 0.139223 -0.00156088 -0.000735876 0.151745
0 0 0.159597 -0.00129207 -0.000592134 0.18049
0 0 0.179971 -5.04826e-005 -6.84938e-005 0.176507
0 0 0.200345 0.000643714 -0.000247151 0.215097
0 0 0.220719 0.00649303 0.00100765 0.207539
0 0 0.241093 0.0105399 0.00190139 0.227179
0 0 0.261467 -0.00437763 -0.00122214 0.274026
0 0 0.278445 -0.00240981 -0.000675158 0.268217
0 0 0.302215 -0.00324986 -0.000912769 0.283085
0 0 0.319193 0.00200611 0.000698929 0.311991
0 0 0.342963 -0.000556868 -0.000160598 0.335159
0 0 0.359941 0.00435789 0.00147188 0.306227
0 0 0.383711 -0.000628318 -0.000101491 0.305086
0 0 0.404085 0.00273695 0.00102496 0.340923
0 0 0.424459 -0.000369643 -0.00012277 0.366866
0 0 0.441438 -0.00080641 -0.000296766 0.39134
0 0 0.461812 -0.00145609 -0.000559841 0.37816
0 0 0.485581 -0.00177657 -0.000691593 0.401935
0 0 0.505955 -0.0033304 -0.00138342 0.435836
0 0 0.52633 -0.00320656 -0.00132488 0.447184
0 0 0.546704 0.0021138 -0.0014995 0.544094
0 0 0.567078 0.00151521 -0.00187337 0.572522
0 0 0.587452 -0.000199951 -0.00300144 0.591019
0 0 0.607826 -0.00253674 -0.00461573 0.618056
0 0 0.6282 -0.00607523 -0.00715805 0.627979
0 0 0.648574 -0.00918737 -0.00947797 0.653173
0 0 0.668948 0.000665527 -0.00179179 0.615719
0 0 0.689322 0.00156604 -0.00113985 0.637544
0 0 0.709696 0.000105316 -0.00222199 0.637664
0 0 0.73007 -0.00317874 -0.00476376 0.67967
0 0 0.750444 -0.00568455 -0.00684601 0.707015
0 0 0.770818 -0.00969207 -0.0102786 0.709527
0 0 0.794588 -0.0137214 -0.0137472 0.711996
0 0 0.814962 -0.0203749 -0.019663 0.741542
0 0 0.835336 -0.0167554 -0.0162141 0.780975
0 0 0.85571 -0.0180047 -0.0175005 0.819062
0 0 0.876084 -0.0187194 -0.0182699 0.825436
0 0 0.896458 -0.0214662 -0.0213828 0.870171
0 0 0.916832 -0.0146267 -0.0160404 0.909419
0 0 0.937206 -0.0153081 -0.0169452 0.94131
0 0 0.960976 -0.0175776 -0.0201881 0.979024
0 0 0.977954 0.00187483 -0.00724802 0.910509
0 0 1.00172 0.00553226 -0.00239238 0.939949
0 0 1.0221 0.00464706 -0.0036117 0.945741
0 0 1.04587 0.00478055 -0.00341404 1.00785
0 0 1.06624 0.00547021 -0.00230217 1.02336
0 0 1.08322 0.00689691 0.000269085 1.10509
0 0 1.10359 0.00582761 -0.00183433 1.09587
0 0 1.12397 0.0080737 0.00257208 1.10291
0 0 1.14434 0.00856309 0.00356788 1.12512
0 0 1.16472 0.00616258 -0.00153513 1.13708
0 0 1.18509 0.00539041 -0.00324704 1.15704
0 0 1.20546 0.00718532 0.00086838 1.16201
0 0 1.22584 0.00520711 -0.00381562 1.18036
0 0 1.24621 0.00457909 -0.00543851 1.22277
0 0 1.26659 0.00405969 -0.0069541 1.25849
0 0 1.28696 0.00401138 -0.00711217 1.28995
0 0 1.30733 0.00422564 -0.006307 1.3315
0 0 1.32771 0.00433523 -0.00576236 1.41296
0 0 1.34808 -0.0306545 -0.031992 1.41421
0 0 1.36846 -0.0305472 -0.0313015 1.41908
0 0 1.38544 -0.0307961 -0.0331944 1.46106
0 0 1.40581 -0.030968 -0.0348107 1.46863
0 0 1.42618 -0.0310682 -0.0358758 1.48524
0 0 1.44656 0.00583149 0.00099368 1.39392
0 0 1.46693 0.00664381 0.00580635 1.41325
0 0 1.48731 0.00659787 0.00543458 1.48243
0 0 1.50768 0.00642373 0.00373889 1.45449
0 0 1.52805 0.00586966 -0.00123147 1.46507
0 0 1.54843 0.00642647 0.00356898 1.44558
0.000118761 0.0051142 1.54673 0.00727835 0.00988319 1.42781
0.000247217 0.0104507 1.54673 0.00755496 0.0120111 1.45525
0.000375672 0.0157871 1.54673 0.00881501 0.0213802 1.41897
0.000504127 0.0211236 1.54673 0.0100207 0.0287564 1.39858
0.000632583 0.02646 1.54673 0.0105859 0.0319677 1.39456
0.000751344 0.0315742 1.54843 0.0117556 0.038743 1.40512
0.000870106 0.0366884 1.54673 0.0126862 0.0450255 1.44235
0.000998561 0.0420249 1.54673 0.0136593 0.0526325 1.44477
0.00111732 0.0471391 1.54843 0.0132584 0.0491076 1.47033
0.00123608 0.0522533 1.54673 0.0142598 0.0593 1.4754
0.00137524 0.0580345 1.54673 0.0145654 0.0643265 1.54473
0.00149299 0.0629262 1.54673 0.0145686 0.0644006 1.5112
0.00162145 0.0682627 1.54673 0.0151198 0.0729382 1.50146
0.00175054 0.0738216 1.54843 0.0156479 0.0813031 1.51401
0.0018693 0.0789358 1.54673 0.0157373 0.082475 1.47532
0.00199776 0.0842722 1.54673 0.0162719 0.0895491 1.51543
0.00212621 0.0896087 1.54673 0.0164608 0.0945737 1.55101
0.00226537 0.0953898 1.54673 0.0166051 0.103467 1.55812
0.00239383 0.100726 1.54673 0.0165662 0.108667 1.59844
0.00252228 0.106063 1.54673 0.0164865 0.11154 1.59862
0.00264104 0.111177 1.54843 0.0159647 0.12469 1.6223
0.0027598 0.116291 1.54673 0.0154561 0.132571 1.64818
0.00288826 0.121628 1.54673 0.0155652 0.13141 1.6808
0.00301671 0.126964 1.54673 0.0144438 0.139738 1.72848
0.00313447 0.131856 1.54673 0.0141742 0.141282 1.75893
0.00326292 0.137192 1.54673 0.0132816 0.146137 1.74633
0.00339138 0.142529 1.54673 0.0112764 0.156763 1.76829
0.00351983 0.147865 1.54673 0.0101565 0.162776 1.74159
0.00363758 0.152757 1.54673 0.0100829 0.16319 1.7514
0.00376604 0.158093 1.54673 0.00872676 0.17038 1.76303
0.00389449 0.16343 1.54673 0.00735508 0.177585 1.75485
0.00401325 0.168544 1.54843 0.00785627 0.174861 1.75068
0.00414234 0.174103 1.54673 0.00710093 0.17857 1.79272
0.0042708 0.179439 1.54673 0.00530337 0.186261 1.80807
0.00439925 0.184776 1.54673 0.00425486 0.19074 1.79348
0.00452771 0.190112 1.54673 0.00262299 0.197531 1.81977
0.00465616 0.195449 1.54673 0.00261633 0.19756 1.76765
0.00478525 0.201008 1.54843 0.00128627 0.203332 1.82691
0.00491434 0.206567 1.54673 -0.000130985 0.209291 1.78162
0.0050428 0.211903 1.54673 -0.00131852 0.214143 1.84005
0.00517125 0.21724 1.54673 -0.00184679 0.216088 1.83205
0.00529971 0.222576 1.54673 -0.0048678 0.228027 1.8052
0.00542816 0.227912 1.54673 -0.00620629 0.233533 1.81335
0.00555662 0.233249 1.54673 -0.0072681 0.238217 1.77406
0.00567538 0.238363 1.54843 -0.00830267 0.243102 1.78497
0.00579414 0.243477 1.54673 -0.010397 0.253042 1.77192
0.0059226 0.248814 1.54673 -0.0121494 0.260628 1.82371
0.00605105 0.25415 1.54673 -0.0109788 0.256329 1.84965
0.00617951 0.259487 1.54673 -0.0123152 0.261224 1.82508
0.00629726 0.264378 1.54673 -0.0144203 0.268903 1.85161
0.00642571 0.269715 1.54673 -0.0166355 0.276653 1.84681
0.00654346 0.274607 1.54673 -0.0201054 0.289609 1.81815
0.00667192 0.279943 1.54673 -0.00762139 0.225219 1.53515
0.00678967 0.284835 1.54673 -0.00738377 0.230006 1.50725
0.00690843 0.289949 1.54843 -0.00683192 0.238125 1.4986
0.00702782 0.295286 1.54843 -0.0065324 0.242762 1.51401
0.00714659 0.3004 1.54673 -0.0062088 0.249387 1.52996
0.00727504 0.305736 1.54673 -0.00617303 0.251435 1.5767
0.0074035 0.311073 1.54673 -0.00628104 0.259783 1.59077
0.00753195 0.316409 1.54673 -0.00649981 0.271837 1.58712
0.00766041 0.321746 1.54673 -0.00657846 0.275392 1.59871
0.00777917 0.32686 1.54843 -0.00682234 0.281773 1.61929
0.00789793 0.331974 1.54673 -0.00702331 0.285502 1.62998
0.00802639 0.337311 1.54673 -0.00710176 0.287633 1.58521
0.00814414 0.342202 1.54673 -0.00725711 0.293903 1.60593
0.00827259 0.347539 1.54673 -0.0072413 0.293416 1.60045
0.00840105 0.352875 1.54673 -0.00742071 0.300099 1.59481
0.00851981 0.357989 1.54843 -0.00759095 0.306384 1.60094
0.0086489 0.363548 1.54673 -0.0076039 0.307043 1.57994
0.00876665 0.36844 1.54673 -0.0076374 0.309233 1.59224
0.00888541 0.373554 1.54843 -0.00777666 0.3191 1.57758
0.0090145 0.379113 1.54673 -0.00780708 0.32468 1.57492
0.00914295 0.38445 1.54673 -0.00780998 0.331503 1.56753
0.00928211 0.390231 1.54673 -0.00800017 0.338676 1.62708
0.00940087 0.395345 1.54843 -0.0079342 0.337703 1.64997
0.00951964 0.400459 1.54673 -0.00806824 0.339751 1.62236
0.00964809 0.405796 1.54673 -0.00836354 0.346016 1.61343
0.00978725 0.411577 1.54673 -0.00843 0.352809 1.54773
0.00991571 0.416913 1.54673 0.0125287 0.438308 1.35937
0.0100442 0.42225 1.54673 -0.00425888 0.439888 1.39927
0.0101726 0.427586 1.54673 -0.0125004 0.466964 1.46498
0.0103011 0.432923 1.54673 -0.0121636 0.470058 1.45975
0.0104295 0.438259 1.54673 -0.0114111 0.476097 1.43393
0.0105473 0.443151 1.54673 -0.0103665 0.484542 1.4615
0.010665 0.448043 1.54673 -0.00998852 0.488722 1.49975
0.0107935 0.453379 1.54673 -0.00952503 0.49636 1.52062
0.0109219 0.458716 1.54673 -0.00951745 0.496581 1.55238
0.0110397 0.463607 1.54673 -0.00936338 0.501224 1.52288
0.0111681 0.468944 1.54673 -0.00875784 0.510646 1.49034
0.0112966 0.47428 1.54673 -0.00872963 0.510949 1.46606
0.0114251 0.479617 1.54673 -0.00813681 0.51569 1.42672
0.0115428 0.484508 1.54673 -0.00708532 0.522777 1.4203
0.0116616 0.489623 1.54843 -0.00601588 0.530873 1.45859
0.0117803 0.494737 1.54673 -0.00527627 0.538209 1.48206
0.0119088 0.500073 1.54673 -0.00532398 0.537672 1.48233
0.0120265 0.504965 1.54673 -0.00500215 0.541937 1.50861
0.012155 0.510301 1.54673 -0.00502479 0.541564 1.51175
0.0122834 0.515638 1.54673 -0.00468788 0.547737 1.52079
0.0124119 0.520974 1.54673 -0.00428142 0.554669 1.50367
0.0125404 0.526311 1.54673 -0.00393196 0.559049 1.47868
0.0126591 0.531425 1.54843 -0.00366914 0.562451 1.50872
0.0127882 0.536984 1.54673 -0.00374419 0.560984 1.53066
0.0129167 0.54232 1.54673 -0.00354517 0.565901 1.53003
0.0130344 0.547212 1.54673 -0.00344248 0.570342 1.56533
0.0131629 0.552549 1.54673 -0.0033961 0.57296 1.54083
0.0132806 0.55744 1.54673 -0.00324487 0.57668 1.5195
0.0134091 0.562777 1.54673 -0.00272627 0.585506 1.50472
0.0135375 0.568113 1.54673 -0.00164869 0.598609 1.47275
0.013666 0.57345 1.54673 -0.000876379 0.605739 1.45306
0.0137944 0.578786 1.54673 -0.000321364 0.611002 1.47838
0.0139229 0.584123 1.54673 0.000195691 0.615878 1.45194
0.0140417 0.589237 1.54843 0.00125274 0.625953 1.48058
0.0141611 0.594574 1.54843 0.00230535 0.635999 1.45221
0.0142901 0.600132 1.54673 0.00297474 0.641589 1.45101
0.0144079 0.605024 1.54673 0.00356798 0.647426 1.48802
0.0145363 0.610361 1.54673 0.00381633 0.650419 1.488
0.0146648 0.615697 1.54673 0.00415413 0.654078 1.46951
0.0147341 0.618143 1.53824 0.00399414 0.65241 1.48093
0.0147434 0.618365 1.51956 0.00430498 0.655545 1.463
0.0147434 0.618365 1.49919 0.00408773 0.65376 1.43638
0.014725 0.618143 1.47712 0.0048899 0.658744 1.38606
0.014725 0.618143 1.45674 0.00468994 0.657678 1.38449
0.0147524 0.618364 1.43807 0.00381151 0.652996 1.38617
0.0147524 0.618364 1.41769 0.00382334 0.653048 1.30925
0.0147524 0.618364 1.39732 0.00203362 0.646237 1.31845
0.0147524 0.618364 1.37695 0.00181476 0.645443 1.28514
0.0147075 0.618146 1.35827 0.000379708 0.640488 1.2927
0.0147564 0.618363 1.33959 0.00133704 0.643914 1.30391
0.0147564 0.618363 1.31922 0.00302424 0.649295 1.23007
0.0147564 0.618363 1.29885 0.00428216 0.65268 1.1999
0.0147564 0.618363 1.27847 0.00347268 0.650695 1.16735
0.0147564 0.618363 1.2581 0.00248975 0.648439 1.15251
0.0147564 0.618363 1.23772 0.00247931 0.648415 1.16588
0.0147564 0.618363 1.21735 0.00240107 0.648252 1.08094
0.0147564 0.618363 1.19698 0.00798054 0.658205 1.03876
0.0147564 0.618363 1.1766 -0.00722136 0.636811 1.07788
0.0146691 0.618159 1.15792 -0.00833507 0.634687 1.09771
0.0147606 0.618361 1.13585 -0.0075766 0.636205 1.11724
0.0147606 0.618361 1.11548 -0.0062547 0.638735 1.06126
0.0147606 0.618361 1.0951 -0.00627983 0.63869 1.05524
0.0147606 0.618361 1.07473 0.00782372 0.637068 1.2148
0.0147606 0.618361 1.05436 0.00879365 0.639605 1.19655
0.0147606 0.618361 1.03738 -0.0026819 0.644435 0.933303
0.0146454 0.618171 1.01531 -0.00124475 0.64635 0.920884
0.0147648 0.618359 0.993235 0.00179371 0.650187 0.881155
0.0146416 0.618173 0.974559 0.00073584 0.648896 0.887803
0.0147682 0.618356 0.955882 0.00238465 0.65075 0.799831
0.0146379 0.618176 0.93381 -0.000622336 0.647785 0.756645
0.0147722 0.618353 0.911739 -0.0013096 0.647124 0.775152
0.0147722 0.618353 0.891365 0.000925762 0.649276 0.757699
0.0147722 0.618353 0.87099 -0.00107958 0.647428 0.731454
0.014627 0.618185 0.848919 -0.00126988 0.647259 0.721726
0.014627 0.618185 0.828545 0.005432 0.653028 0.699645
0.0147789 0.618347 0.809868 0.00603225 0.653535 0.703309
0.0187667 0.622535 0.809868 0.0101547 0.656864 0.655263
0.0224478 0.626401 0.809868 0.015439 0.661065 0.688267
0.0259786 0.630103 0.808171 0.0212159 0.665827 0.690392
0.0295094 0.633804 0.809868 0.0266116 0.670481 0.733094
0.0331904 0.63767 0.809868 0.0305749 0.673825 0.668674
0.0368715 0.641536 0.809868 0.0295837 0.673027 0.687384
0.0405525 0.645402 0.809868 0.0393748 0.681146 0.697274
0.0440834 0.649103 0.808171 0.045976 0.686722 0.705597
0.0476142 0.652805 0.809868 0.0498312 0.689929 0.681852
0.051452 0.656829 0.808171 0.0501102 0.690168 0.735129
0.0552899 0.660852 0.809868 0.0541088 0.693812 0.743087
0.0589709 0.664718 0.809868 0.0580891 0.697321 0.702003
0.062652 0.668584 0.809868 0.0605543 0.699438 0.716968
0.0660263 0.672127 0.809868 0.071179 0.708715 0.718572
0.0700141 0.676315 0.809868 0.071977 0.709424 0.734159
0.0736951 0.680181 0.809868 0.0757453 0.712963 0.773954
0.077226 0.683883 0.808171 0.0796881 0.716795 0.768476
0.0807568 0.687584 0.809868 0.0854758 0.722341 0.759593
0.0844378 0.69145 0.809868 0.0870033 0.723778 0.749981
0.0881189 0.695316 0.809868 0.0957851 0.731834 0.734685
0.0919567 0.69934 0.808171 0.099134 0.734864 0.73639
0.0954875 0.703041 0.809868 0.102106 0.737518 0.721451
0.0991686 0.706907 0.809868 0.10676 0.741602 0.718906
0.10285 0.710773 0.809868 0.110048 0.744387 0.686832
0.106531 0.714639 0.809868 0.112587 0.746496 0.699546
0.110212 0.718504 0.809868 0.118871 0.751861 0.713774
0.113586 0.722048 0.809868 0.123784 0.756083 0.705855
0.117267 0.725914 0.809868 0.131078 0.761999 0.657204
0.120948 0.729779 0.809868 0.135184 0.7652 0.666976
0.124629 0.733645 0.809868 0.139749 0.768817 0.673118
0.128003 0.737189 0.809868 0.144581 0.77281 0.70819
0.131534 0.74089 0.808171 0.154134 0.780895 0.696574
0.135065 0.744592 0.809868 0.15604 0.782482 0.691655
0.138746 0.748458 0.809868 0.158675 0.784748 0.729037
0.138746 0.748458 0.789494 0.158658 0.784734 0.677659
0.138746 0.748458 0.76912 0.157274 0.783637 0.662801
0.138746 0.748458 0.748746 0.154889 0.78181 0.644449
0.138746 0.748458 0.728372 0.158328 0.784384 0.640653
0.138746 0.748458 0.707998 0.159428 0.785218 0.65604
0.138746 0.748458 0.687624 0.165765 0.790084 0.653621
0.138746 0.748458 0.66725 0.16993 0.793224 0.638519
0.138746 0.748458 0.646876 0.179381 0.800137 0.624504
0.138746 0.748458 0.626502 0.17456 0.796638 0.631184
0.138746 0.748458 0.602732 0.17182 0.794708 0.596049
0.138746 0.748458 0.582358 0.17105 0.794174 0.615962
0.138746 0.748458 0.561984 0.169006 0.792781 0.580802
0.138746 0.748458 0.54161 0.120454 0.729779 0.653953
0.138746 0.748458 0.521236 0.118174 0.728032 0.653648
0.138746 0.748458 0.504258 0.118395 0.728198 0.635882
0.138746 0.748458 0.483884 0.123779 0.732185 0.638867
0.138746 0.748458 0.46351 0.12424 0.73252 0.619498
0.138746 0.748458 0.443136 0.127415 0.734703 0.585044
0.138746 0.748458 0.422761 0.131562 0.737387 0.563829
0.138746 0.748458 0.402387 0.125416 0.733518 0.55983
0.138746 0.748458 0.378618 0.128982 0.735794 0.576061
0.138539 0.748378 0.359941 0.138752 0.784459 0.354315
0.138748 0.748454 0.33787 0.135635 0.783252 0.384523
0.138748 0.748454 0.317496 0.134768 0.782926 0.335353
0.138748 0.748454 0.297122 0.140385 0.784946 0.355247
0.138748 0.748454 0.276747 0.137569 0.783948 0.326332
0.138748 0.748454 0.256373 0.134628 0.783003 0.295564
0.138748 0.748454 0.235999 0.139465 0.784349 0.247201
0.138748 0.748454 0.215625 0.129769 0.7821 0.208537
0.138748 0.748454 0.195251 0.113629 0.730256 0.219108
0.138748 0.748454 0.174877 0.115822 0.730758 0.231357
0.138748 0.748454 0.154503 0.111548 0.729762 0.226497
0.138748 0.748454 0.134129 0.112174 0.7299 0.207107
0.138748 0.748454 0.113755 0.104744 0.728304 0.215979
0.138748 0.748454 0.093381 0.120295 0.73108 0.282852
0.138748 0.748454 0.073007 0.123904 0.732115 0.275799
0.138526 0.74844 0.0543308 0.117855 0.730454 0.260189
0.138748 0.74845 0.0356546 0.108648 0.727912 0.278573
0.138748 0.74845 0.0152805 0.100251 0.725774 0.22001
0.138748 0.74845 -0.00509351 0.0992113 0.725577 0.155036
0.144086 0.748422 -0.00509351 0.117256 0.730205 0.15072
0.148979 0.748397 -0.00509351 0.123126 0.7311 0.151976
0.154317 0.74837 -0.00509351 0.126777 0.731654 0.149078
0.159655 0.748343 -0.00509351 0.132766 0.732382 0.0927692
0.16477 0.748321 -0.00339567 0.135874 0.732671 0.0930802
0.169886 0.7483 -0.00509351 0.133019 0.732384 0.107509
0.175224 0.748272 -0.00509351 0.133231 0.732409 0.126032
0.180562 0.748245 -0.00509351 0.138279 0.733031 0.119371
0.1859 0.748218 -0.00509351 0.139927 0.733275 0.174434
0.190793 0.748193 -0.00509351 0.14552 0.734145 0.133974
0.196353 0.74817 -0.00339567 0.150145 0.734828 0.159307
0.201469 0.748148 -0.00509351 0.156152 0.735763 0.149473
0.206807 0.748121 -0.00509351 0.160309 0.736441 0.173783
0.212145 0.748093 -0.00509351 0.164075 0.737095 0.170596
0.217483 0.748066 -0.00509351 0.16808 0.737741 0.148846
0.22282 0.748039 -0.00509351 0.171511 0.738192 0.113015
0.228158 0.748012 -0.00509351 0.172464 0.738305 0.121645
0.233274 0.74799 -0.00339567 0.169971 0.738005 0.117758
0.238834 0.747967 -0.00509351 0.197795 0.741818 0.168042
0.244172 0.747939 -0.00509351 0.200485 0.742274 0.167597
0.249065 0.747914 -0.00509351 0.199942 0.742174 0.198518
0.254403 0.747887 -0.00509351 0.202853 0.74274 0.185897
0.259519 0.747866 -0.00339567 0.207892 0.743779 0.220597
0.264857 0.747847 -0.00339567 0.215069 0.745358 0.212611
0.269972 0.747826 -0.00509351 0.222236 0.747049 0.250909
0.274865 0.747801 -0.00509351 0.2315 0.749429 0.251986
0.280426 0.747777 -0.00339567 0.237498 0.751031 0.270003
0.285541 0.747755 -0.00509351 0.246922 0.753557 0.253835
0.290879 0.747728 -0.00509351 0.250458 0.754513 0.274161
0.295995 0.747707 -0.00339567 0.25686 0.756227 0.249
0.30111 0.747685 -0.00509351 0.258455 0.756595 0.204651
0.306448 0.747658 -0.00509351 0.26782 0.758751 0.247917
0.311564 0.747636 -0.00339567 0.268807 0.758997 0.238811
0.317124 0.747612 -0.00509351 0.274837 0.760391 0.215716
0.322462 0.747585 -0.00509351 0.274571 0.760328 0.246934
0.3278 0.747558 -0.00509351 0.277187 0.761009 0.26211
0.332916 0.747536 -0.00339567 0.277935 0.761206 0.253927
0.338031 0.747515 -0.00509351 0.284537 0.762711 0.194302
0.343369 0.747487 -0.00509351 0.284321 0.762675 0.134905
0.348707 0.74746 -0.00509351 0.287723 0.763106 0.117084
0.3536 0.747435 -0.00509351 0.285198 0.762796 0.127293
0.358938 0.747408 -0.00509351 0.288368 0.763266 0.166831
0.364721 0.747379 -0.00509351 0.327818 0.771086 0.0707379
0.369614 0.747354 -0.00509351 0.335371 0.771432 0.0207651
0.374952 0.747326 -0.00509351 0.336991 0.77147 0.0269303
0.38029 0.747299 -0.00509351 0.344666 0.77147 -0.0269671
0.385628 0.747272 -0.00509351 0.346467 0.771402 -0.0482004
0.390521 0.747247 -0.00509351 0.359158 0.770868 -0.0358973
0.395859 0.74722 -0.00509351 0.372928 0.770516 -0.0152434
0.400752 0.747195 -0.00509351 0.380312 0.770464 0.00106528
0.40609 0.747168 -0.00509351 0.315476 0.77058 0.299253
0.410983 0.747143 -0.00509351 0.327285 0.774036 0.270149
0.416543 0.747119 -0.00339567 0.334186 0.775887 0.253908
0.422104 0.747096 -0.00509351 0.350015 0.779662 0.334626
0.426997 0.747071 -0.00509351 0.477267 0.719678 -0.0694304
0.432335 0.747044 -0.00509351 0.482753 0.719316 -0.0622475
0.437673 0.747016 -0.00509351 0.482711 0.719319 -0.0729846
0.442566 0.746992 -0.00509351 0.484956 0.719128 -0.0971043
0.447904 0.746964 -0.00509351 0.490376 0.718534 -0.120948
0.453242 0.746937 -0.00509351 0.508516 0.721221 -0.0877143
0.458579 0.74691 -0.00509351 0.514695 0.720584 -0.117714
0.463695 0.746888 -0.00339567 0.518685 0.720187 -0.0808637
0.469255 0.746865 -0.00509351 0.5278 0.719441 -0.082309
0.474148 0.74684 -0.00509351 0.536343 0.71885 -0.0559843
0.479486 0.746813 -0.00509351 0.545641 0.718216 -0.0800941
0.485047 0.746789 -0.00339567 0.549423 0.717883 -0.0955439
0.490385 0.746771 -0.00339567 0.554524 0.717407 -0.0903885
0.4955 0.746749 -0.00509351 0.569056 0.716205 -0.0747171
0.500616 0.746727 -0.00339567 0.576836 0.7156 -0.0805457
0.506176 0.746704 -0.00509351 0.580452 0.71532 -0.0737085
0.511069 0.746679 -0.00509351 0.586761 0.714736 -0.110955
0.516407 0.746652 -0.00509351 0.592876 0.71408 -0.102978
0.5213 0.746627 -0.00509351 0.549526 0.736326 0.123122
0.526416 0.746605 -0.00339567 0.558073 0.737226 0.0865841
0.531976 0.746581 -0.00509351 0.567174 0.738225 0.132109
0.537314 0.746554 -0.00509351 0.571601 0.738823 0.136485
0.542207 0.746529 -0.00509351 0.576771 0.739571 0.150739
0.54799 0.7465 -0.00509351 0.577495 0.739686 0.165344
0.552883 0.746475 -0.00509351 0.580024 0.740118 0.172644
0.558221 0.746448 -0.00509351 0.58929 0.741668 0.158877
0.563337 0.746426 -0.00339567 0.590339 0.741861 0.204832
0.568897 0.746402 -0.00509351 0.598965 0.743548 0.181472
0.574235 0.746375 -0.00509351 0.603119 0.74427 0.163043
0.579573 0.746348 -0.00509351 0.610866 0.745537 0.161004
0.584911 0.746321 -0.00509351 0.613486 0.745975 0.17036
0.590249 0.746294 -0.00509351 0.614133 0.746082 0.158119
0.595809 0.74627 -0.00339567 0.620107 0.747068 0.168941
0.600925 0.746248 -0.00509351 0.628637 0.748769 0.224682
0.605818 0.746223 -0.00509351 0.628625 0.748766 0.246324
0.611156 0.746196 -0.00509351 0.635503 0.75029 0.189808
0.616494 0.746169 -0.00509351 0.642689 0.751768 0.215878
0.621609 0.746147 -0.00339567 0.656093 0.754601 0.200719
0.627169 0.746124 -0.00509351 0.661542 0.755807 0.235023
0.632507 0.746097 -0.00509351 0.669234 0.757614 0.2263
0.637845 0.746069 -0.00509351 0.675286 0.759089 0.251921
0.643406 0.746046 -0.00339567 0.683132 0.760978 0.220703
0.648521 0.746024 -0.00509351 0.68439 0.76125 0.205117
0.654304 0.745995 -0.00509351 0.685829 0.761585 0.252472
0.659419 0.745973 -0.00339567 0.689741 0.762511 0.211969
0.665202 0.745953 -0.00339567 0.690166 0.762608 0.236901
0.670985 0.745934 -0.00339567 0.699117 0.764801 0.24373
0.676545 0.74591 -0.00509351 0.700992 0.765306 0.282233
0.682328 0.745881 -0.00509351 0.708054 0.767258 0.257313
0.687221 0.745856 -0.00509351 0.712848 0.76859 0.28445
0.692559 0.745828 -0.00509351 0.718056 0.770097 0.279062
0.697897 0.745801 -0.00509351 0.719978 0.770632 0.263975
0.703235 0.745774 -0.00509351 0.723832 0.771615 0.235104
0.703235 0.745774 -0.0254676 0.721614 0.771127 0.197292
0.703013 0.745782 -0.0475394 0.721717 0.771148 0.201647
0.703235 0.74577 -0.0662157 0.729441 0.77256 0.159851
0.703235 0.74577 -0.0865897 0.732264 0.772998 0.148442
0.703235 0.74577 -0.106964 0.735602 0.773333 0.0513405
0.703235 0.74577 -0.127338 0.735803 0.773341 0.0269308
0.703235 0.74577 -0.147712 0.730996 0.773187 0.0371869
0.703235 0.74577 -0.168086 0.730247 0.773165 0.0216821
0.703235 0.74577 -0.191856 0.731758 0.773157 -0.0321201
0.703235 0.74577 -0.208834 0.727704 0.77329 -0.0335481
0.703235 0.74577 -0.229208 0.730637 0.773211 -0.0203412
0.703019 0.745822 -0.25128 0.729472 0.773258 -0.0610694
0.703019 0.745822 -0.271654 0.724382 0.773675 -0.102086
0.703232 0.74576 -0.293726 0.725919 0.77349 -0.136624
0.703232 0.74576 -0.3141 0.726085 0.773465 -0.163328
0.703232 0.74576 -0.334474 0.726857 0.77333 -0.182188
0.703232 0.74576 -0.354848 0.725108 0.773639 -0.166612
0.703232 0.74576 -0.375222 0.727453 0.773144 -0.248862
0.703232 0.74576 -0.395596 0.72134 0.774863 -0.299396
0.703232 0.74576 -0.412574 0.709265 0.75468 -0.476607
0.703232 0.74576 -0.436344 0.707729 0.7555 -0.504451
0.703232 0.74576 -0.456718 0.713076 0.752484 -0.522747
0.703232 0.74576 -0.477092 0.714989 0.751324 -0.567753
0.703232 0.74576 -0.497466 0.710712 0.754161 -0.603613
0.703232 0.74576 -0.51784 0.713127 0.752479 -0.61295
0.703232 0.74576 -0.538214 0.714427 0.751551 -0.627278
0.703232 0.74576 -0.558588 0.715325 0.750914 -0.606329
0.703232 0.74576 -0.578962 0.709217 0.755282 -0.635207
0.703232 0.74576 -0.599337 0.706138 0.757555 -0.636839
0.70305 0.745888 -0.621408 0.702507 0.760397 -0.691401
0.70305 0.745888 -0.641782 0.702606 0.760311 -0.741032
0.703227 0.745753 -0.663854 0.70288 0.760057 -0.754018
0.703227 0.745753 -0.684228 0.70267 0.760253 -0.748546
0.707363 0.742379 -0.684228 0.710071 0.753342 -0.753918
0.7115 0.739005 -0.684228 0.707014 0.797576 -0.652165
0.715292 0.735912 -0.684228 0.712577 0.79316 -0.689722
0.719428 0.732538 -0.684228 0.72153 0.785765 -0.690924
0.723564 0.729164 -0.684228 0.723758 0.783908 -0.699021
0.72787 0.725646 -0.685926 0.849865 0.790846 -0.765735
0.732689 0.721701 -0.685926 0.853312 0.787479 -0.781571
0.73734 0.717901 -0.684228 0.856322 0.784496 -0.780266
0.741301 0.714665 -0.685926 0.857412 0.783462 -0.737355
0.745607 0.711146 -0.684228 0.862646 0.778629 -0.753771
0.750088 0.707491 -0.684228 0.86749 0.774005 -0.770586
0.754569 0.703836 -0.684228 0.868172 0.773363 -0.741047
0.75905 0.700181 -0.684228 0.875427 0.766654 -0.7515
0.763356 0.696662 -0.685926 0.878795 0.763279 -0.821615
0.767662 0.693144 -0.684228 0.879579 0.762456 -0.796233
0.771798 0.68977 -0.684228 0.883664 0.757978 -0.866399
0.77628 0.686115 -0.684228 0.889349 0.751324 -0.861141
0.780585 0.682597 -0.685926 0.893793 0.746254 -0.84106
0.784547 0.67936 -0.684228 0.895393 0.744458 -0.845422
0.788853 0.675842 -0.685926 0.894374 0.745631 -0.865496
0.792983 0.672461 -0.685926 0.800107 0.723502 -0.554047
0.792983 0.672461 -0.702905 0.899578 0.739294 -0.890392
0.792983 0.672461 -0.723279 0.895577 0.744564 -0.952524
0.792983 0.672461 -0.743653 0.811185 0.716768 -0.558906
0.792983 0.672461 -0.764027 0.810524 0.717207 -0.614451
0.792983 0.672461 -0.787796 0.812626 0.715653 -0.658429
0.792983 0.672461 -0.808171 0.812416 0.715821 -0.689218
0.792983 0.672461 -0.828545 0.81496 0.713652 -0.722644
0.792983 0.672461 -0.848919 0.816631 0.712186 -0.718216
0.792983 0.672461 -0.869293 0.816614 0.712201 -0.746971
0.792983 0.672461 -0.889667 0.818039 0.710822 -0.791102
0.792845 0.672635 -0.911739 0.817228 0.711697 -0.856142
0.79298 0.672458 -0.930415 0.81848 0.710168 -0.913828
0.792849 0.672638 -0.952487 0.81874 0.709831 -0.913067
0.792976 0.672455 -0.971163 0.818374 0.710317 -0.938922
0.792853 0.67264 -0.993235 0.816959 0.712299 -0.962832
0.792972 0.672453 -1.01531 0.819112 0.708908 -1.04773
0.792972 0.672453 -1.03568 0.823176 0.70154 -1.08569
0.792972 0.672453 -1.05605 0.822153 0.703448 -1.07182
0.792972 0.672453 -1.07643 0.822858 0.702088 -1.11388
0.792868 0.672649 -1.0951 0.821987 0.703824 -1.09794
0.792968 0.67245 -1.11718 0.820594 0.706599 -1.11333
0.792968 0.67245 -1.13755 0.820642 0.706499 -1.13225
0.792968 0.67245 -1.15792 0.819263 0.709525 -1.15415
0.792968 0.67245 -1.1783 0.819234 0.709591 -1.14112
0.792968 0.67245 -1.19867 0.81907 0.70996 -1.16504
0.792889 0.672658 -1.21735 0.818845 0.710519 -1.21228
0.792889 0.672658 -1.23772 0.818361 0.711863 -1.23817
0.79296 0.672448 -1.2564 0.819238 0.708989 -1.31147
0.79296 0.672448 -1.27677 0.818088 0.7136 -1.34135
0.79296 0.672448 -1.29715 0.817374 0.716897 -1.37354
0.79296 0.672448 -1.31752 0.817337 0.717083 -1.38047
0.79296 0.672448 -1.3379 0.818244 0.711643 -1.43075
0.79296 0.672448 -1.35827 0.818481 0.709454 -1.49511
0.792915 0.672665 -1.38034 0.818226 0.713098 -1.50654
0.792955 0.672447 -1.39902 0.818752 0.705813 -1.4908
0.79292 0.672666 -1.42109 0.819307 0.696849 -1.52721
0.79292 0.672666 -1.44146 0.819304 0.696948 -1.55959
0.792946 0.672445 -1.46014 0.819234 0.693571 -1.62355
0.792924 0.672667 -1.48221 0.819077 0.690741 -1.62889
0.792942 0.672445 -1.50089 0.818769 0.685008 -1.61988
0.792942 0.672445 -1.52126 0.8189 0.686975 -1.65487
0.792942 0.672445 -1.54164 0.818511 0.683221 -1.69318
0.793076 0.667554 -1.54503 0.817438 0.674055 -1.68157
0.793212 0.66244 -1.54333 0.816879 0.669503 -1.70458
0.793383 0.656215 -1.54333 0.815951 0.662851 -1.71396
0.793542 0.650434 -1.54333 0.815456 0.659421 -1.71472
0.793689 0.645098 -1.54333 0.813966 0.650884 -1.77231
0.793837 0.63954 -1.54503 0.81215 0.641266 -1.74255
0.793974 0.634203 -1.54503 0.81028 0.630657 -1.74809
0.794112 0.628867 -1.54503 0.808655 0.622962 -1.80969
0.794249 0.623531 -1.54503 0.807801 0.619123 -1.76968
0.794385 0.618417 -1.54333 0.807714 0.618702 -1.777
0.794532 0.613081 -1.54333 0.807029 0.615688 -1.8116
0.79468 0.607523 -1.54503 0.804909 0.607699 -1.84874
0.794817 0.602186 -1.54503 0.802852 0.600391 -1.84168
0.794955 0.59685 -1.54503 0.801646 0.595531 -1.78637
0.795103 0.591292 -1.54333 0.800436 0.588901 -1.71615
0.795239 0.586178 -1.54503 0.799423 0.581136 -1.68491
0.795376 0.580842 -1.54503 0.79915 0.578558 -1.66807
0.795514 0.575506 -1.54503 0.798897 0.576436 -1.71089
0.795652 0.570169 -1.54503 0.797768 0.568319 -1.70713
0.795789 0.564833 -1.54503 0.797364 0.565149 -1.68812
0.795925 0.559719 -1.54333 0.79679 0.560285 -1.68812
0.796072 0.554383 -1.54333 0.795853 0.552292 -1.68705
0.796208 0.54927 -1.54503 0.795043 0.544239 -1.65503
0.796345 0.543933 -1.54503 0.794782 0.54062 -1.63036
0.796483 0.538597 -1.54503 0.794625 0.538733 -1.67681
0.796619 0.533483 -1.54333 0.79433 0.53594 -1.67515
0.796767 0.527925 -1.54503 0.794029 0.533107 -1.67868
0.796904 0.522589 -1.54503 0.793997 0.532766 -1.65027
0.797041 0.517475 -1.54333 0.793497 0.527366 -1.67572
0.797189 0.511916 -1.54503 0.793077 0.52366 -1.69166
0.797325 0.506803 -1.54333 0.79271 0.52092 -1.71607
0.797471 0.501467 -1.54333 0.792553 0.519853 -1.7179
0.797618 0.496131 -1.54333 0.792754 0.521383 -1.68469
0.797764 0.490795 -1.54333 0.792156 0.515704 -1.66666
0.797912 0.485236 -1.54503 0.791323 0.506753 -1.6606
0.798049 0.480122 -1.54333 0.790805 0.501609 -1.68171
0.798185 0.475009 -1.54503 0.790619 0.500133 -1.71039
0.798322 0.469672 -1.54503 0.790254 0.497802 -1.74236
0.798458 0.464559 -1.54333 0.789626 0.493775 -1.70824
0.798606 0.459 -1.54503 0.789281 0.491342 -1.7152
0.798742 0.453886 -1.54333 0.788416 0.485135 -1.70327
0.798879 0.448773 -1.54503 0.78743 0.476173 -1.65764
0.799027 0.442992 -1.54503 0.786807 0.46969 -1.67556
0.799176 0.437211 -1.54503 0.785885 0.460038 -1.65646
0.799313 0.432097 -1.54333 0.78546 0.455063 -1.65539
0.799461 0.426539 -1.54503 0.784952 0.449112 -1.6565
0.799598 0.421202 -1.54503 0.784011 0.439091 -1.67252
0.799736 0.415866 -1.54503 0.783766 0.437098 -1.71316
0.799884 0.410308 -1.54333 0.783542 0.435598 -1.72477
0.80003 0.404972 -1.54333 0.782983 0.430744 -1.64609
0.800166 0.399858 -1.54503 0.782172 0.418993 -1.63342
0.800314 0.3943 -1.54333 0.78187 0.414169 -1.6332
0.800461 0.388964 -1.54333 0.756592 0.414972 -1.40315
0.800609 0.383405 -1.54503 0.757655 0.408413 -1.41707
0.800757 0.377847 -1.54333 0.75832 0.403815 -1.43747
0.800903 0.372511 -1.54333 0.758727 0.400645 -1.449
0.801039 0.367397 -1.54503 0.760064 0.390648 -1.42651
0.801177 0.362061 -1.54503 0.759741 0.392922 -1.4328
0.801314 0.356724 -1.54503 0.760561 0.38624 -1.46464
0.801451 0.351611 -1.54333 0.760981 0.381833 -1.48715
0.801599 0.346052 -1.54503 0.76085 0.383354 -1.48272
0.801736 0.340716 -1.54503 0.761443 0.374135 -1.53034
0.801874 0.33538 -1.54503 0.76193 0.363397 -1.52063
0.802022 0.329821 -1.54333 0.762354 0.355079 -1.51895
0.802168 0.324485 -1.54333 0.762664 0.348593 -1.52727
0.802304 0.319372 -1.54503 0.762803 0.344011 -1.55373
0.80244 0.314258 -1.54333 0.762795 0.344498 -1.55766
0.802587 0.308922 -1.54333 0.76303 0.3363 -1.52675
0.802734 0.303586 -1.54333 0.763269 0.329672 -1.54265
0.80287 0.298472 -1.54503 0.763182 0.33214 -1.52794
0.803007 0.293136 -1.54503 0.763273 0.329228 -1.55061
0.803133 0.288244 -1.54503 0.763283 0.328828 -1.54079
0.803271 0.282908 -1.54503 0.763204 0.332242 -1.55422
0.803419 0.27735 -1.54333 0.763287 0.329163 -1.53325
0.803565 0.272014 -1.54333 0.763808 0.320395 -1.48965
0.803713 0.266455 -1.54503 0.764434 0.312666 -1.49041
0.803839 0.261564 -1.54503 0.76501 0.305058 -1.49999
0.803975 0.25645 -1.54333 0.764879 0.306597 -1.4715
0.804112 0.251336 -1.54503 0.765524 0.300681 -1.45282
0.804248 0.246222 -1.54333 0.765591 0.300121 -1.45067
0.804396 0.240664 -1.54503 0.766525 0.2924 -1.45025
0.804522 0.235772 -1.54503 0.766704 0.290949 -1.44599
0.80467 0.230214 -1.54333 0.767269 0.286568 -1.43871
0.804806 0.2251 -1.54503 0.767823 0.28159 -1.48141
0.804943 0.219764 -1.54503 0.768143 0.278681 -1.44128
0.805081 0.214428 -1.54503 0.769046 0.271873 -1.4365
0.805229 0.208869 -1.54333 0.769567 0.268056 -1.43389
0.805375 0.203533 -1.54333 0.770445 0.260474 -1.47709
0.805523 0.197975 -1.54503 0.770916 0.253681 -1.52605
0.805671 0.192416 -1.54333 0.771264 0.246503 -1.51866
0.805807 0.187303 -1.54503 0.771493 0.242706 -1.50251
0.805944 0.182189 -1.54333 0.771427 0.243677 -1.50353
0.806092 0.17663 -1.54503 0.771567 0.240461 -1.55113
0.806239 0.171072 -1.54333 0.771734 0.235079 -1.52848
0.806386 0.165736 -1.54333 0.77196 0.229921 -1.52526
0.806533 0.1604 -1.54333 0.772042 0.227177 -1.55661
0.806669 0.155286 -1.54503 0.772108 0.223662 -1.54761
0.806806 0.14995 -1.54503 0.772098 0.220107 -1.59974
0.806942 0.144836 -1.54333 0.772081 0.21868 -1.56481
0.80709 0.139278 -1.54503 0.772095 0.216022 -1.5666
0.807238 0.133719 -1.54333 0.772178 0.205588 -1.55902
0.807373 0.128828 -1.54333 0.772168 0.198949 -1.58555
0.807509 0.123714 -1.54503 0.772206 0.202281 -1.57874
0.807646 0.118378 -1.54503 0.772273 0.197418 -1.53533
0.807794 0.112819 -1.54333 0.772359 0.193191 -1.56552
0.807941 0.107483 -1.54333 0.772414 0.185179 -1.56231
0.808077 0.10237 -1.54503 0.77248 0.179836 -1.55472
0.808213 0.0972559 -1.54333 0.772453 0.182573 -1.56696
0.808349 0.0921421 -1.54503 0.772342 0.177584 -1.61909
0.808487 0.0868059 -1.54503 0.77234 0.177555 -1.60427
0.808624 0.0814697 -1.54503 0.772136 0.17257 -1.61936
0.808772 0.0759112 -1.54333 0.783224 0.102155 -1.40417
0.808919 0.0705752 -1.54333 0.783476 0.100546 -1.42622
0.809055 0.0654615 -1.54503 0.784091 0.0965443 -1.41063
0.809203 0.059903 -1.54333 0.784945 0.0905252 -1.4491
0.809351 0.0543446 -1.54503 0.785669 0.0843669 -1.45834
0.809477 0.049453 -1.54503 0.786173 0.0801717 -1.44413
0.809625 0.0438946 -1.54333 0.787184 0.071181 -1.47353
0.809761 0.0387808 -1.54503 0.787384 0.067948 -1.54462
0.809899 0.0334446 -1.54503 0.787441 0.0665636 -1.5133
0.809899 0.0334446 -1.52466 0.787142 0.0709198 -1.49091
0.809899 0.0334446 -1.50428 0.786848 0.0739194 -1.45553
0.809899 0.0334446 -1.48391 0.787845 0.0664407 -1.42092
0.809899 0.0334446 -1.46354 0.78656 0.0745274 -1.40545
0.809873 0.0336655 -1.44486 0.78665 0.0739641 -1.41981
0.809873 0.0336655 -1.42449 0.786591 0.0743674 -1.43045
0.809873 0.0336655 -1.40411 0.786295 0.0762106 -1.39279
0.809912 0.0334465 -1.38544 0.786927 0.0729922 -1.36115
0.809868 0.0336646 -1.36336 0.787382 0.0710153 -1.32808
0.809868 0.0336646 -1.34299 0.787136 0.0719929 -1.32064
0.809921 0.0334485 -1.32092 0.786677 0.0737376 -1.30642
0.809921 0.0334485 -1.30054 0.787642 0.0701827 -1.30495
0.809921 0.0334485 -1.28017 0.787436 0.0709108 -1.28607
0.809921 0.0334485 -1.2598 0.787436 0.0709118 -1.26613
0.809921 0.0334485 -1.23942 0.788382 0.0679598 -1.25499
0.809921 0.0334485 -1.21905 0.789577 0.0645899 -1.2054
0.809921 0.0334485 -1.19867 0.78825 0.0680109 -1.19604
0.809921 0.0334485 -1.1783 0.789769 0.0641536 -1.19508
0.809921 0.0334485 -1.15792 0.791437 0.0602913 -1.13091
0.809921 0.0334485 -1.13755 0.793126 0.0566946 -1.1328
0.809921 0.0334485 -1.11718 0.794983 0.0529649 -1.08487
0.809921 0.0334485 -1.0968 0.795175 0.0525881 -1.11292
0.809921 0.0334485 -1.07303 0.794441 0.0540309 -1.08734
0.809921 0.0334485 -1.05266 0.794945 0.0531211 -1.04309
0.809921 0.0334485 -1.03229 0.793771 0.055181 -1.0625
0.809921 0.0334485 -1.01191 0.793627 0.0554223 -1.00533
0.809921 0.0334485 -0.988141 0.79512 0.0530811 -1.00111
0.809796 0.0336329 -0.966069 0.796049 0.0516271 -1.00294
0.809925 0.0334513 -0.943997 0.796293 0.0512561 -0.975011
0.809925 0.0334513 -0.927019 0.795978 0.0517135 -0.959726
0.809925 0.0334513 -0.906645 0.795414 0.0525022 -0.940321
0.809925 0.0334513 -0.886271 0.792927 0.0557546 -0.895392
0.809925 0.0334513 -0.865897 0.793448 0.0550732 -0.939835
0.809779 0.0336191 -0.843825 0.792145 0.0568633 -0.94336
0.809928 0.0334543 -0.825149 0.792322 0.0566153 -0.959523
0.809928 0.0334543 -0.801379 0.79256 0.0562783 -0.950123
0.809928 0.0334543 -0.781005 0.792505 0.0563546 -0.937098
0.809928 0.0334543 -0.760631 0.793055 0.0555943 -0.953015
0.809928 0.0334543 -0.740257 0.790033 0.0598067 -0.944146
0.809928 0.0334543 -0.719883 0.785096 -0.0384888 -0.621874
0.809928 0.0334543 -0.696113 0.786833 -0.039749 -0.633604
0.809756 0.0335954 -0.677437 0.78632 -0.0393809 -0.612429
0.809931 0.0334579 -0.655365 0.778574 -0.0340957 -0.585014
0.809931 0.0334579 -0.634991 0.781555 -0.0360035 -0.553518
0.809931 0.0334579 -0.614617 0.782425 -0.036527 -0.529534
0.814292 0.0303797 -0.614617 0.862776 -0.0692378 -0.650467
0.818838 0.0271772 -0.612919 0.869232 -0.0740527 -0.631099
0.82302 0.0242309 -0.614617 0.871778 -0.0758876 -0.617922
0.827565 0.0210283 -0.612919 0.878823 -0.0806682 -0.574527
0.832474 0.0175696 -0.614617 0.800346 -0.0157896 -0.583414
0.836836 0.0144915 -0.614617 0.803148 -0.0176859 -0.606646
0.841197 0.0114133 -0.614617 0.80868 -0.0213602 -0.565861
0.845558 0.00833521 -0.614617 0.808175 -0.0210402 -0.563327
0.849919 0.00525707 -0.614617 0.814784 -0.025169 -0.553422
0.854643 0.00192243 -0.614617 0.823645 -0.0305706 -0.541478
0.858641 -0.000899195 -0.614617 0.832164 -0.0357459 -0.550371
0.863002 -0.00397733 -0.614617 0.836437 -0.0383445 -0.542475
0.867363 -0.00705546 -0.614617 0.845615 -0.0438457 -0.537455
0.871724 -0.0101336 -0.614617 0.845295 -0.0436549 -0.539863
0.87627 -0.0133361 -0.612919 0.847206 -0.0448493 -0.577535
0.880816 -0.0165387 -0.614617 0.857278 -0.0517626 -0.625542
0.885177 -0.0196168 -0.614617 0.86014 -0.0537409 -0.583998
0.889901 -0.0229514 -0.614617 0.866737 -0.0580425 -0.571682
0.894083 -0.0258978 -0.612919 0.873144 -0.0623231 -0.606242
0.898265 -0.0288441 -0.614617 0.880444 -0.0677358 -0.669793
0.902811 -0.0320466 -0.612919 0.888152 -0.0739581 -0.688554
0.907356 -0.0352492 -0.614617 0.890084 -0.0755555 -0.693015
0.911902 -0.0384517 -0.612919 0.894773 -0.0794645 -0.696831
0.916268 -0.0415224 -0.612919 0.899017 -0.0831129 -0.723412
0.920634 -0.0445932 -0.612919 0.906 -0.0895821 -0.771076
0.92518 -0.0477957 -0.614617 0.908968 -0.0924955 -0.781141
0.929541 -0.0508738 -0.614617 0.916663 -0.0999523 -0.758171
0.933539 -0.0536954 -0.614617 0.923415 -0.106311 -0.752574
0.9379 -0.0567736 -0.614617 0.927555 -0.110384 -0.801848
0.942082 -0.0597199 -0.612919 0.930496 -0.113319 -0.767157
0.946264 -0.0626662 -0.614617 0.938646 -0.121348 -0.788653
0.950625 -0.0657444 -0.614617 0.944672 -0.12753 -0.80777
0.954986 -0.0688225 -0.614617 0.948449 -0.131531 -0.82055
0.959347 -0.0719006 -0.614617 0.922815 -0.135521 -0.553888
0.964071 -0.0752353 -0.614617 0.928431 -0.139063 -0.571378
0.968433 -0.0783134 -0.614617 0.934148 -0.142837 -0.595649
0.972794 -0.0813916 -0.614617 0.943951 -0.149677 -0.622771
0.977155 -0.0844697 -0.614617 0.946892 -0.15188 -0.6634
0.981879 -0.0878043 -0.614617 0.953991 -0.15716 -0.615589
0.985877 -0.090626 -0.614617 0.962166 -0.162735 -0.581366
0.990238 -0.0937041 -0.614617 0.966163 -0.165523 -0.636766
0.994599 -0.0967822 -0.614617 0.971029 -0.168954 -0.591514
0.99896 -0.0998604 -0.614617 0.973282 -0.170507 -0.615776
1.00332 -0.102939 -0.614617 0.974868 -0.171687 -0.663019
1.00768 -0.106017 -0.614617 0.980702 -0.176165 -0.646232
1.01204 -0.109095 -0.614617 0.985115 -0.179652 -0.691411
1.0164 -0.112173 -0.614617 0.990185 -0.183898 -0.702895
1.02077 -0.115251 -0.614617 0.992821 -0.18604 -0.661714
1.02513 -0.118329 -0.614617 0.996029 -0.188479 -0.638753
1.02949 -0.121407 -0.614617 0.999716 -0.191208 -0.635219
1.03349 -0.124229 -0.614617 1.00384 -0.194182 -0.61539
1.03785 -0.127307 -0.614617 1.01056 -0.199019 -0.631242
1.04184 -0.130129 -0.614617 1.01365 -0.201291 -0.636946
1.04621 -0.133207 -0.614617 1.01928 -0.205391 -0.622007
1.05057 -0.136285 -0.614617 1.02049 -0.206277 -0.646831
1.05456 -0.139107 -0.614617 1.02492 -0.209577 -0.632834
1.05893 -0.142185 -0.614617 1.02693 -0.211057 -0.638347
1.06292 -0.145006 -0.614617 1.03108 -0.214176 -0.650396
1.06728 -0.148084 -0.614617 1.03911 -0.220315 -0.65464
1.07165 -0.151163 -0.614617 1.04564 -0.288582 -0.469383
1.07564 -0.153984 -0.614617 1.05041 -0.291017 -0.476042
1.08 -0.157062 -0.614617 1.06237 -0.297161 -0.472887
1.084 -0.159884 -0.614617 1.06852 -0.300357 -0.485983
1.08818 -0.16283 -0.612919 1.07255 -0.302458 -0.474227
1.09237 -0.165777 -0.614617 1.07627 -0.30421 -0.406552
1.09673 -0.168855 -0.614617 1.08178 -0.306517 -0.385975
1.10182 -0.172446 -0.614617 1.09233 -0.311054 -0.426382
1.10618 -0.175524 -0.614617 1.09746 -0.31344 -0.444188
1.1109 -0.178859 -0.614617 1.10322 -0.316406 -0.50641
1.11526 -0.181937 -0.614617 1.10182 -0.315626 -0.505445
1.11926 -0.184758 -0.614617 1.1068 -0.31856 -0.558212
1.12362 -0.187837 -0.614617 1.11537 -0.323874 -0.552164
1.12798 -0.190915 -0.614617 1.12383 -0.329264 -0.582307
1.13198 -0.193736 -0.614617 1.13066 -0.333796 -0.589691
1.13616 -0.196683 -0.612919 1.13505 -0.336832 -0.619491
1.14034 -0.199629 -0.614617 1.14245 -0.341828 -0.568152
1.1447 -0.202707 -0.614617 1.14328 -0.34235 -0.555757
1.1487 -0.205529 -0.614617 1.14583 -0.34392 -0.549688
1.15452 -0.209633 -0.614617 1.15485 -0.34967 -0.585294
1.15888 -0.212711 -0.614617 1.15781 -0.351557 -0.548366
1.16324 -0.215789 -0.614617 1.16142 -0.353804 -0.566574
1.1676 -0.218867 -0.614617 1.16893 -0.358752 -0.598546
1.17232 -0.222202 -0.614617 1.17419 -0.362444 -0.626046
1.17632 -0.225024 -0.614617 1.17982 -0.366538 -0.630975
1.18105 -0.228358 -0.614617 1.18337 -0.369226 -0.664123
1.18541 -0.231436 -0.614617 1.1891 -0.373911 -0.706864
1.18977 -0.234515 -0.614617 1.12731 -0.27478 -0.700229
1.19377 -0.237336 -0.614617 1.13125 -0.277887 -0.634672
1.19813 -0.240414 -0.614617 1.13604 -0.28142 -0.636703
1.20249 -0.243492 -0.614617 1.32471 -0.194591 -1.02427
1.20794 -0.24734 -0.614617 1.32531 -0.195596 -1.04161
1.2123 -0.250418 -0.614617 1.33027 -0.204242 -1.05745
1.2163 -0.25324 -0.614617 1.33541 -0.2132 -1.04287
1.22066 -0.256318 -0.614617 1.33888 -0.219227 -1.05376
1.22502 -0.259396 -0.614617 1.34218 -0.225068 -1.06022
1.22902 -0.262218 -0.614617 1.3418 -0.22442 -1.03733
1.23338 -0.265296 -0.614617 1.33989 -0.221201 -1.03227
1.23756 -0.268242 -0.612919 1.34167 -0.224116 -1.01535
1.24174 -0.271189 -0.614617 1.40432 -0.178452 -0.382229
1.24574 -0.27401 -0.614617 1.41437 -0.209707 -0.358591
1.2501 -0.277088 -0.614617 1.41611 -0.21038 -0.37914
1.25428 -0.280035 -0.612919 1.41767 -0.211054 -0.433171
1.25883 -0.283237 -0.614617 1.42705 -0.215231 -0.405202
1.26319 -0.286315 -0.614617 1.43261 -0.217704 -0.431114
1.26719 -0.289137 -0.614617 1.43974 -0.220939 -0.421186
1.27155 -0.292215 -0.614617 1.44738 -0.224449 -0.440541
1.27591 -0.295293 -0.614617 1.45113 -0.226196 -0.431073
1.28027 -0.298371 -0.614617 1.45358 -0.227292 -0.408314
1.28463 -0.30145 -0.614617 1.46532 -0.232449 -0.419847
1.28863 -0.304271 -0.614617 1.47033 -0.234643 -0.405689
1.29299 -0.307349 -0.614617 1.43882 -0.424041 -0.228925
1.29735 -0.310427 -0.614617 1.44335 -0.425073 -0.219463
1.30208 -0.313762 -0.614617 1.45292 -0.427148 -0.207534
1.30644 -0.31684 -0.614617 1.45763 -0.428174 -0.221259
1.3108 -0.319918 -0.614617 1.46842 -0.430443 -0.193174
1.31516 -0.322996 -0.614617 1.36481 -0.13715 -0.397712
1.31952 -0.326075 -0.614617 1.37497 -0.141529 -0.416384
1.3237 -0.329021 -0.612919 1.37347 -0.14087 -0.409199
1.32789 -0.331967 -0.614617 1.381 -0.144033 -0.385386
1.33225 -0.335045 -0.614617 1.38276 -0.144746 -0.385956
1.33643 -0.337992 -0.612919 1.38658 -0.146262 -0.369151
1.34061 -0.340938 -0.614617 1.38987 -0.147571 -0.38949
1.34497 -0.344016 -0.614617 1.39514 -0.149909 -0.444909
1.34933 -0.347094 -0.614617 1.39941 -0.151884 -0.421865
1.35369 -0.350172 -0.614617 1.40621 -0.154975 -0.431785
1.35806 -0.353251 -0.614617 1.35386 -0.153418 -0.59536
1.36224 -0.356197 -0.612919 1.30236 -0.394035 -0.443686
1.36678 -0.359399 -0.614617 1.30724 -0.396392 -0.457091
1.37097 -0.362346 -0.612919 1.31126 -0.398314 -0.434153
1.37515 -0.365292 -0.614617 1.31124 -0.398305 -0.428992
1.37951 -0.36837 -0.614617 1.32374 -0.404207 -0.453126
1.38423 -0.371705 -0.614617 1.33533 -0.409939 -0.465714
1.38823 -0.374527 -0.614617 1.34026 -0.412431 -0.469809
1.39259 -0.377605 -0.614617 1.3453 -0.414845 -0.424592
1.39695 -0.380683 -0.614617 1.35518 -0.41913 -0.393613
1.40168 -0.384017 -0.614617 1.36717 -0.424147 -0.39913
1.4064 -0.387352 -0.614617 1.36773 -0.42438 -0.382135
1.4104 -0.390174 -0.614617 1.37559 -0.427709 -0.419237
1.41476 -0.393252 -0.614617 1.38128 -0.430232 -0.416211
1.41912 -0.39633 -0.614617 1.38786 -0.433083 -0.4004
1.42348 -0.399408 -0.614617 1.395 -0.436206 -0.425044
1.42748 -0.40223 -0.614617 1.39674 -0.436973 -0.404364
1.43203 -0.405432 -0.612919 1.4029 -0.439642 -0.413265
1.43621 -0.408379 -0.614617 1.40417 -0.440173 -0.379452
1.44057 -0.411457 -0.614617 1.40787 -0.441705 -0.405096
1.44529 -0.414791 -0.614617 1.41309 -0.444008 -0.426079
1.44929 -0.417613 -0.614617 1.41537 -0.44502 -0.41105
1.45365 -0.420691 -0.614617 1.42257 -0.448204 -0.421717
1.45765 -0.423513 -0.614617 1.42595 -0.449705 -0.412181
1.46201 -0.426591 -0.614617 1.43158 -0.452136 -0.403763
1.46601 -0.429413 -0.614617 1.43885 -0.455083 -0.366386
1.47037 -0.432491 -0.614617 1.44086 -0.455894 -0.402176
1.47473 -0.435569 -0.614617 1.44004 -0.455568 -0.35625
1.47909 -0.438647 -0.614617 1.44773 -0.45854 -0.3809
1.48382 -0.441982 -0.614617 1.45345 -0.460739 -0.352915
1.48818 -0.44506 -0.614617 1.46123 -0.463691 -0.373287
1.49254 -0.448138 -0.614617 1.47058 -0.467361 -0.374404
